#x position, y position, x correction 
1.00056216, -2.5502672e-06, 0.999626446043
-8.9492936, -2.128724e-05, -11.1004119454
-8.5513168, -2.651844e-05, -10.3373432854
-8.0880384, -2.3153104e-05, -9.52416115792
-7.5560576, -1.8618184e-05, -8.66776800224
-6.9534296, -1.840852e-05, -7.77549325878
-6.2800712, -3.1582616e-05, -6.85454791634
-5.5376152, -1.2759864e-05, -5.91093354972
-4.7301488, 4.3556656e-06, -4.95030336209
-3.8632568, 1.689376e-05, -3.97569651073
-2.945176, -6.8733288e-06, -2.98996884876
-1.9868472, -7.0642208e-06, -1.99704168409
-1.00057776, -4.2486392e-06, -0.999633410818
-9.648132e-06, -3.2168136e-06, -5.49493490553e-07
1.9868264, 0.0, 1.9970224704
2.9451552, 8.8025912e-07, 2.98994605683
3.8632464, -2.6158184e-05, 3.97567679802
4.7301384, -1.3828672e-05, 4.95029640504
5.5376048, 2.9903328e-06, 5.91098625857
6.2800608, 2.2785152e-05, 6.85464369609
6.9534296, 1.193088e-05, 7.77550263121
7.5560472, 1.060384e-05, 8.66771480709
8.088028, 1.4218152e-05, 9.52419930385
8.5513168, 1.6573752e-05, 10.3374012008
8.9492936, 1.260168e-05, 11.100386026
-8.9429496, 0.79166152, -11.1315368651
-8.9429496, -0.79166152, -11.1317194804
-8.5441304, 0.82058288, -10.3640914492
-8.5441304, -0.82058288, -10.3640222036
-8.0801968, 0.84835088, -9.54691411029
-8.0801968, -0.84835088, -9.54652456202
-7.5478104, 0.87474088, -8.68654288155
-7.5478104, -0.87474088, -8.68634229666
-6.9450576, 0.89936496, -7.79080734168
-6.9450576, -0.89936496, -7.79099779701
-6.2718448, 0.9217416, -6.86708024893
-6.2718448, -0.9217416, -6.86718692618
-5.5298464, 0.94199664, -5.92086624465
-5.5298464, -0.94199664, -5.92080412111
-4.7231184, 0.95955288, -4.95765811167
-4.7231184, -0.95955288, -4.95765678951
-3.8572456, 0.9741888, -3.98084962115
-3.8572456, -0.9741888, -3.98087138839
-2.9404232, 0.98558928, -2.99347687122
-2.9404232, -0.98558928, -2.99347085231
-1.9835608, 0.9938812, -1.99950124081
-1.9835608, -0.9938812, -1.99950722574
-0.99890024, 0.99888776, -1.00068711987
-0.99890024, -0.99888776, -1.00070098035
-3.909672e-06, 1.00056424, 6.1141406969e-06
-3.909672e-06, -1.00056424, 2.84418948782e-07
0.9988888, 0.99889296, 1.00069273954
0.9988888, -0.99889296, 1.00069299204
1.9835504, 0.99388536, 1.99950231021
1.9835504, -0.99388536, 1.99949909776
2.9404128, 0.9855976, 2.99346681449
2.9404128, -0.9855976, 2.99346195696
3.8572352, 0.97414824, 3.98084207895
3.8572352, -0.97414824, 3.98086158755
4.723108, 0.95953728, 4.95767037042
4.723108, -0.95953728, 4.95769215983
5.529836, 0.94201016, 5.92089413771
5.529836, -0.94201016, 5.92086931551
6.2718344, 0.92179256, 6.86720665936
6.2718344, -0.92179256, 6.8670968484
6.9450472, 0.89938992, 7.79101178726
6.9450472, -0.89938992, 7.79086492878
7.5478, 0.87477104, 8.68645333301
7.5478, -0.87477104, 8.68650513183
8.0801968, 0.84838728, 9.54659227234
8.0801968, -0.84838728, 9.54684074758
8.54412, 0.82062344, 10.3639551436
8.54412, -0.82062344, 10.3641254193
8.9429496, 0.79169688, 11.1316425317
8.9429496, -0.79169688, 11.1316365193
-8.923668, 1.5753504, -11.2289047748
-8.923668, -1.5753504, -11.2287014863
-8.522332, 1.6325712, -10.4457639198
-8.522332, -1.6325712, -10.4454110236
-8.0565056, 1.687452, -9.61449104118
-8.0565056, -1.687452, -9.61440727153
-7.5229544, 1.7395456, -8.74286289547
-7.5229544, -1.7395456, -8.74291718589
-6.919848, 1.7880928, -7.83710113422
-6.919848, -1.7880928, -7.83701204734
-6.2471552, 1.8321576, -6.90413420696
-6.2471552, -1.8321576, -6.90416457744
-5.5065296, 1.8719688, -5.94985646046
-5.5065296, -1.8719688, -5.94996056773
-4.7020584, 1.9064344, -4.97926677959
-4.7020584, -1.9064344, -4.97922622951
-3.8392536, 1.9351384, -3.99610545856
-3.8392536, -1.9351384, -3.99609394069
-2.9262376, 1.9575088, -3.0043571253
-2.9262376, -1.9575088, -3.00438521496
-1.9737536, 1.9737432, -2.00582121829
-1.9737536, -1.9737432, -2.00584099481
-0.99388848, 1.9835504, -1.00383052886
-0.99388848, -1.9835504, -1.0038449274
-3.7921208e-06, 1.9868264, 2.54414389378e-06
-3.7921208e-06, -1.9868264, 4.39993710688e-07
0.99388328, 1.9835504, 1.00384355006
0.99388328, -1.9835504, 1.00384069627
1.9737432, 1.9737536, 2.00583684401
1.9737432, -1.9737536, 2.00583132618
2.9262272, 1.9575192, 3.00435582123
2.9262272, -1.9575192, 3.00437591798
3.8392432, 1.9350968, 3.99612316273
3.8392432, -1.9350968, 3.99612868562
4.702048, 1.906424, 4.97931114913
4.702048, -1.906424, 4.97927301846
5.5065296, 1.8719792, 5.94992792914
5.5065296, -1.8719792, 5.94986364293
6.2471552, 1.8322096, 6.90419679724
6.2471552, -1.8322096, 6.90410698496
6.919848, 1.7881136, 7.83716448633
6.919848, -1.7881136, 7.83708371106
7.5229544, 1.7395768, 8.74297456246
7.5229544, -1.7395768, 8.74293567844
8.0565056, 1.6874936, 9.61437713454
8.0565056, -1.6874936, 9.6145242872
8.522332, 1.6326128, 10.4453669791
8.522332, -1.6326128, 10.4457151297
8.9236576, 1.5753816, 11.2286198646
8.9236576, -1.5753816, 11.2289125045
-8.8906584, 2.3433488, -11.3869401933
-8.8906584, -2.3433488, -11.3865594423
-8.4852872, 2.4276824, -10.5848771631
-8.4852872, -2.4276824, -10.5847571591
-8.0164864, 2.5083968, -9.73080043375
-8.0164864, -2.5083968, -9.73091350534
-7.4811672, 2.5848576, -8.83737581718
-7.4811672, -2.5848576, -8.83738893968
-6.877624, 2.655952, -7.91342618609
-6.877624, -2.655952, -7.91336902002
-6.2059296, 2.7203592, -6.96456139995
-6.2059296, -2.7203592, -6.96449142651
-5.4677064, 2.7784016, -5.9962014609
-5.4677064, -2.7784016, -5.99622538488
-4.667052, 2.8285712, -5.01385498491
-4.667052, -2.8285712, -5.0139107422
-3.8093952, 2.8702544, -4.02150893787
-3.8093952, -2.8702544, -4.02147615209
-2.9027128, 2.9027024, -3.02134322679
-2.9027128, -2.9027024, -3.0213150754
-1.9575192, 2.9262272, -2.01644681203
-1.9575192, -2.9262272, -2.01644701531
-0.9855976, 2.9404128, -1.00904461277
-0.9855976, -2.9404128, -1.00905848329
-1.4090336e-06, 2.9451552, 7.59770424374e-06
-1.4090336e-06, -2.9451552, 5.98047356437e-06
0.98559552, 2.9404128, 1.00905686548
0.98559552, -2.9404128, 1.00905833957
1.9575192, 2.9262272, 2.01644182693
1.9575192, -2.9262272, 2.01644143411
2.9027128, 2.9027128, 3.02136406917
2.9027128, -2.9027128, 3.02135850969
3.8093848, 2.8702128, 4.02154806057
3.8093848, -2.8702128, 4.02151448843
4.6670416, 2.8285504, 5.01388037297
4.6670416, -2.8285504, 5.01384386721
5.4677064, 2.778412, 5.99625668949
5.4677064, -2.778412, 5.99617525511
6.2059296, 2.7204112, 6.96461651473
6.2059296, -2.7204112, 6.96452930004
6.877624, 2.6559728, 7.9134110008
6.877624, -2.6559728, 7.91339637151
7.4811672, 2.5848888, 8.83740155632
7.4811672, -2.5848888, 8.8373800192
8.0164864, 2.508428, 9.7309185312
8.0164864, -2.508428, 9.73087597695
8.4852872, 2.427724, 10.5847500647
8.4852872, -2.427724, 10.5849026913
8.8906584, 2.34338, 11.3865388822
8.8906584, -2.34338, 11.3868550117
-8.842964, 3.08854, -11.6278731061
-8.842964, -3.08854, -11.6277185676
-8.4322784, 3.1982704, -10.7797190095
-8.4322784, -3.1982704, -10.7799089819
-7.9596712, 3.3030088, -9.89561313546
-7.9596712, -3.3030088, -9.89562732578
-7.4222408, 3.4019336, -8.97246196813
-7.4222408, -3.4019336, -8.97244773808
-6.8184272, 3.4936304, -8.01939425677
-6.8184272, -3.4936304, -8.01943471312
-6.1483864, 3.576456, -7.04648165181
-6.1483864, -3.576456, -7.04648866484
-5.41372, 3.6508576, -6.05821817317
-5.41372, -3.6508576, -6.05814849044
-4.6185152, 3.7149736, -5.06054676138
-4.6185152, -3.7149736, -5.06053877962
-3.7680864, 3.7681176, -4.05420474927
-3.7680864, -3.7681176, -4.05424475184
-2.870244, 3.8093848, -3.04357651892
-2.870244, -3.8093848, -3.04353885934
-1.935128, 3.8392432, -2.03037543202
-1.935128, -3.8392432, -2.03034879097
-0.97417736, 3.8572352, -1.01561448587
-0.97417736, -3.8572352, -1.01561801833
-5.8124352e-06, 3.8632464, 7.00791006025e-06
-5.8124352e-06, -3.8632464, -4.33347452988e-06
0.9741628, 3.8572456, 1.01559808228
0.9741628, -3.8572456, 1.01559373364
1.9351176, 3.8392536, 2.03038999966
1.9351176, -3.8392536, 2.03034322907
2.8702336, 3.8093952, 3.0436146008
2.8702336, -3.8093952, 3.04356859018
3.768076, 3.768076, 4.05419025807
3.768076, -3.768076, 4.05420479924
4.6185048, 3.7149528, 5.06057821919
4.6185048, -3.7149528, 5.06051878098
5.4137096, 3.650868, 6.05824329551
5.4137096, -3.650868, 6.05817186987
6.148376, 3.5764976, 7.04647426898
6.148376, -3.5764976, 7.04645744415
6.8184168, 3.4936512, 8.0193842812
6.8184168, -3.4936512, 8.01936129079
7.4222304, 3.4019544, 8.97242223445
7.4222304, -3.4019544, 8.97241851263
7.9596608, 3.3030296, 9.8956168292
7.9596608, -3.3030296, 9.89559569402
8.432268, 3.1983016, 10.7798967906
8.432268, -3.1983016, 10.779762902
8.842964, 3.0885712, 11.6277106076
8.842964, -3.0885712, 11.6279095806
-8.3607992, 3.937752, -11.0545017457
-8.3607992, -3.937752, -11.0542912414
-7.8839488, 4.064164, -10.110121428
-7.8839488, -4.064164, -10.110128999
-7.3444488, 4.1830984, -9.14114447233
-7.3444488, -4.1830984, -9.14119305051
-6.7408848, 4.2929016, -8.15303549457
-6.7408848, -4.2929016, -8.15304355955
-6.0735064, 4.3916704, -7.14669128453
-6.0735064, -4.3916704, -7.14670015812
-5.3438216, 4.4800288, -6.13352472815
-5.3438216, -4.4800288, -6.13353997871
-4.5559176, 4.555876, -5.11454173768
-4.5559176, -4.555876, -5.11454168912
-3.7150152, 4.6185256, -4.09228010387
-3.7150152, -4.6185256, -4.09229001086
-2.8286128, 4.6670416, -3.06961734817
-2.8286128, -4.6670416, -3.06960155332
-1.9064968, 4.702048, -2.0461179639
-1.9064968, -4.702048, -2.04608118405
-0.959608, 4.723108, -1.02299469593
-0.959608, -4.723108, -1.02297784138
-5.9478432e-05, 4.7301384, -8.67499481254e-05
-5.9478432e-05, -4.7301384, -6.43666269053e-05
0.95949048, 4.723108, 1.02289900231
0.95949048, -4.723108, 1.02285042488
1.906372, 4.702048, 2.04603839858
1.906372, -4.702048, 2.04598220984
2.8285088, 4.667052, 3.06946603294
2.8285088, -4.667052, 3.0695055538
3.7149112, 4.6184944, 4.09221595096
3.7149112, -4.6184944, 4.09219116198
4.555824, 4.5558656, 5.11451823457
4.555824, -4.5558656, 5.11443467481
5.3437384, 4.4800392, 6.13341493324
5.3437384, -4.4800392, 6.13340934037
6.0734232, 4.391712, 7.14655467351
6.0734232, -4.391712, 7.14656438434
6.740812, 4.2929224, 8.15289885326
6.740812, -4.2929224, 8.15289131106
7.3443864, 4.1831192, 9.14105993266
7.3443864, -4.1831192, 9.14100694381
7.8838968, 4.0641848, 10.110026181
7.8838968, -4.0641848, 10.1099859314
8.3607576, 3.9377832, 11.0542086082
8.3607576, -3.9377832, 11.0544048185
-7.7884872, 4.7858616, -10.3822044148
-7.7884872, -4.7858616, -10.3818832654
-7.247448, 4.92206, -9.35410886204
-7.247448, -4.92206, -9.35408960142
-6.645028, 5.0471512, -8.30737427877
-6.645028, -5.0471512, -8.30739730711
-5.9815704, 5.159076, -7.26478198761
-5.9815704, -5.159076, -7.26479875918
-5.2584896, 5.2586976, -6.21649141846
-5.2584896, -5.2586976, -6.21654328097
-4.4798416, 5.34378, -5.17322353907
-4.4798416, -5.34378, -5.17325828374
-3.6506912, 5.4137408, -4.133124737
-3.6506912, -5.4137408, -4.13311878043
-2.7782768, 5.467696, -3.09595895579
-2.7782768, -5.467696, -3.09594031848
-1.8718752, 5.5065192, -2.06211378842
-1.8718752, -5.5065192, -2.06205651621
-0.94194152, 5.5298256, -1.03038178941
-0.94194152, -5.5298256, -1.03033191146
2.4333192e-05, 5.5375944, 2.1775274675e-05
2.4333192e-05, -5.5375944, 2.65893033053e-05
0.9419904, 5.5298256, 1.03045859639
0.9419904, -5.5298256, 1.03041146192
1.8719168, 5.5065192, 2.06209600115
1.8719168, -5.5065192, 2.06216523342
2.7783184, 5.4677064, 3.09601764169
2.7783184, -5.4677064, 3.09603251887
3.6507328, 5.4137096, 4.13326193736
3.6507328, -5.4137096, 4.1332142695
4.4798832, 5.3437592, 5.17329368794
4.4798832, -5.3437592, 5.17329914688
5.2585312, 5.2586976, 6.21657996366
5.2585312, -5.2586976, 6.21656812745
5.9816016, 5.1591176, 7.26484113716
5.9816016, -5.1591176, 7.26483200153
6.6450592, 5.047172, 8.30743414595
6.6450592, -5.047172, 8.30739996257
7.2474688, 4.9220808, 9.35411293635
7.2474688, -4.9220808, 9.35412809877
7.7885184, 4.7858928, 10.3819265537
7.7885184, -4.7858928, 10.382267643
-6.5318968, 5.7516784, -8.49817761115
-6.5318968, -5.7516784, -8.49818033167
-5.87392, 5.8737952, -7.38997664078
-5.87392, -5.8737952, -7.39003348019
-5.1591904, 5.9817784, -6.30752479037
-5.1591904, -5.9817784, -6.30756853763
-4.3917744, 6.073444, -5.23505938832
-4.3917744, -6.073444, -5.23508873853
-3.57656, 6.1483864, -4.17403791618
-3.57656, -6.1483864, -4.17406379753
-2.7204736, 6.2059088, -3.12178031094
-2.7204736, -6.2059088, -3.12178473602
-1.832272, 6.2471344, -2.07696468724
-1.832272, -6.2471344, -2.07690030444
-0.92185288, 6.271824, -1.03734650327
-0.92185288, -6.271824, -1.03728615936
-7.5772528e-05, 6.28004, -3.52363050173e-05
-7.5772528e-05, -6.28004, -6.53987317194e-05
0.92170104, 6.271824, 1.03708665741
0.92170104, -6.271824, 1.03719322802
1.8321264, 6.2471344, 2.07674736484
1.8321264, -6.2471344, 2.0768086245
2.720328, 6.2059088, 3.12171664012
2.720328, -6.2059088, 3.1216440969
3.5764248, 6.1483656, 4.17387836312
3.5764248, -6.1483656, 4.17387783171
4.3916496, 6.0734336, 5.23489151972
4.3916496, -6.0734336, 5.2349165738
5.159076, 5.9817888, 6.3073789723
5.159076, -5.9817888, 6.30738495822
5.873816, 5.8738368, 7.38985462904
5.873816, -5.8738368, 7.38983833571
6.5318032, 5.7516888, 8.49798025507
6.5318032, -5.7516888, 8.49799053708
-5.7516888, 6.5318032, -7.53436904153
-5.7516888, -6.5318032, -7.53442280559
-5.0471512, 6.6452776, -6.39751040096
-5.0471512, -6.6452776, -6.39755320577
-4.2928912, 6.7408536, -5.29495017828
-4.2928912, -6.7408536, -5.29498179317
-3.49362, 6.818448, -4.21133379322
-3.49362, -6.818448, -4.21136767028
-2.655952, 6.877624, -3.14459534061
-2.655952, -6.877624, -3.14458326245
-1.7880928, 6.9198376, -2.0892719663
-1.7880928, -6.9198376, -2.08927562397
-0.8993712, 6.9450472, -1.04260803982
-0.8993712, -6.9450472, -1.04259586535
8.1809312e-06, 6.9534192, -9.58565804723e-05
8.1809312e-06, -6.9534192, 0.000110343634612
0.89939096, 6.9450472, 1.04259931876
0.89939096, -6.9450472, 1.04272239957
1.7881136, 6.9198376, 2.08938509696
1.7881136, -6.9198376, 2.08934387074
2.6559624, 6.877624, 3.14459967269
2.6559624, -6.877624, 3.14462120984
3.4936304, 6.8184168, 4.21134767244
3.4936304, -6.8184168, 4.21136239175
4.292912, 6.7408432, 5.2949928302
4.292912, -6.7408432, 5.29500714247
5.047172, 6.6452776, 6.39755964636
5.047172, -6.6452776, 6.39757670212
5.7516992, 6.5318344, 7.53443421681
5.7516992, -6.5318344, 7.53444329004
-4.9220496, 7.2476976, -6.48474748292
-4.9220496, -7.2476976, -6.48480358128
-4.1830776, 7.3444176, -5.34352898172
-4.1830776, -7.3444176, -5.34356167706
-3.4019128, 7.4222512, -4.24035550602
-3.4019128, -7.4222512, -4.24036628262
-2.5848472, 7.4811568, -3.15986547515
-2.5848472, -7.4811568, -3.15987609808
-1.7395456, 7.522944, -2.09747062862
-1.7395456, -7.522944, -2.09755945464
-0.87474816, 7.5478, -1.04573136806
-0.87474816, -7.5478, -1.04563104164
1.2453896e-05, 7.5560368, -0.000138900727546
1.2453896e-05, -7.5560368, 0.00014957286001
0.87477104, 7.5478, 1.04574427227
0.87477104, -7.5478, 1.04581072866
1.7395768, 7.5229544, 2.09761078257
1.7395768, -7.5229544, 2.09760532855
2.5848784, 7.4811568, 3.15986387491
2.5848784, -7.4811568, 3.1599324995
3.4019336, 7.4222304, 4.24035753414
3.4019336, -7.4222304, 4.24039756347
4.1831088, 7.3444072, 5.34358604046
4.1831088, -7.3444072, 5.34360364081
4.9220808, 7.247708, 6.48483611127
4.9220808, -7.247708, 6.48484241743
-4.7858512, 7.7887472, -6.55150824889
-4.7858512, -7.7887472, -6.55157248455
-4.0641432, 7.8839176, -5.3796313831
-4.0641432, -7.8839176, -5.37964178054
-3.3029776, 7.9596816, -4.25607494507
-3.3029776, -7.9596816, -4.2560862193
-2.5083864, 8.016476, -3.16620102085
-2.5083864, -8.016476, -3.16629288987
-1.687452, 8.0564952, -2.09929234402
-1.687452, -8.0564952, -2.09922190948
-0.848354, 8.0801864, -1.04634032086
-0.848354, -8.0801864, -1.04614703076
1.408472e-05, 8.088028, 6.83809954261e-05
1.408472e-05, -8.088028, 6.99755915416e-05
0.84838416, 8.0801864, 1.04624263499
0.84838416, -8.0801864, 1.04637727779
1.6874832, 8.0564952, 2.09922551678
1.6874832, -8.0564952, 2.09938460377
2.5084176, 8.016476, 3.16629563269
2.5084176, -8.016476, 3.16632223602
3.3030088, 7.9596608, 4.25607404725
3.3030088, -7.9596608, 4.25614243372
4.0641744, 7.8839072, 5.37965729511
4.0641744, -7.8839072, 5.37970657258
4.7858824, 7.7887472, 6.55159306571
4.7858824, -7.7887472, 6.55159449497
-3.9377312, 8.3607784, -5.39904927388
-3.9377312, -8.3607784, -5.39914245356
-3.1982392, 8.4322888, -4.25537565703
-3.1982392, -8.4322888, -4.2554517332
-2.4276824, 8.4852768, -3.16097689157
-2.4276824, -8.4852768, -3.16092246248
-1.6325816, 8.5223216, -2.09339084328
-1.6325816, -8.5223216, -2.09313379197
-0.82058912, 8.5441096, -1.04328959392
-0.82058912, -8.5441096, -1.04324144239
1.4917656e-05, 8.5513064, 0.000125479425384
1.4917656e-05, -8.5513064, 2.18819218656e-05
0.82061928, 8.5441096, 1.04328090468
0.82061928, -8.5441096, 1.04338178919
1.6326128, 8.5223216, 2.09315579979
1.6326128, -8.5223216, 2.09342614786
2.4277032, 8.4852768, 3.1609176446
2.4277032, -8.4852768, 3.16105515362
3.1982704, 8.432268, 4.25544483667
3.1982704, -8.432268, 4.2554960418
3.9377624, 8.360768, 5.39913693045
3.9377624, -8.360768, 5.39913058221
-3.0887688, 8.8430264, -4.23818882206
-3.0887688, -8.8430264, -4.2381902961
-2.343536, 8.8907, -3.14056450511
-2.343536, -8.8907, -3.1402651713
-1.5754752, 8.9236992, -2.07860592753
-1.5754752, -8.9236992, -2.07851570464
-0.79172704, 8.9429808, -1.03495826944
-0.79172704, -8.9429808, -1.03504171633
1.8220592e-05, 8.9493248, 3.72151675867e-05
1.8220592e-05, -8.9493248, 3.87330311868e-05
0.79176448, 8.9429808, 1.03508161884
0.79176448, -8.9429808, 1.03509356813
1.5755168, 8.9236992, 2.07856683877
1.5755168, -8.9236992, 2.07870951776
2.3435776, 8.8907, 3.14029480525
2.3435776, -8.8907, 3.14061451608
3.0888104, 8.843016, 4.23821375752
3.0888104, -8.843016, 4.23831458276
